48 78
180 72
294 71
186 71
371 70
353 70
309 70
281 70
94 70
251 69
215 69
222 68
207 68
203 67
375 66
359 66
201 65
153 65
130 65
32 65
199 64
190 64
154 64
73 64
63 64
16 64
365 63
286 63
278 63
252 63
208 63
173 63
90 63
4 63
258 62
244 62
224 62
125 62
42 62
2 62
367 61
220 61
155 61
113 61
100 61
64 61
9 61
383 60
272 60
211 60
169 60
85 60
33 60
343 59
337 59
336 59
314 59
306 59
230 59
228 59
170 59
71 59
43 59
35 59
356 58
197 58
59 58
358 57
321 57
300 57
279 57
259 57
239 57
174 57
109 57
74 57
18 57
316 56
302 56
299 56
177 56
161 56
131 56
320 55
166 55
114 55
80 55
396 54
394 54
334 54
315 54
195 54
191 54
149 54
134 54
57 54
312 53
257 53
157 53
141 53
72 53
69 53
67 53
13 53
361 52
342 52
340 52
297 52
256 52
253 52
183 52
112 52
110 52
89 52
348 51
291 51
242 51
193 51
160 51
116 51
96 51
45 51
7 51
333 50
330 50
319 50
310 50
158 50
81 50
79 50
357 49
350 49
327 49
249 49
196 49
376 48
311 48
284 48
255 48
144 48
142 48
133 48
55 48
24 48
308 47
254 47
138 47
122 47
103 47
75 47
62 47
40 47
36 47
346 46
332 46
326 46
317 46
307 46
283 46
248 46
226 46
86 46
31 46
19 46
10 46
399 45
390 45
304 45
213 45
176 45
82 45
30 45
8 45
389 44
338 44
322 44
285 44
187 44
70 44
27 44
23 44
292 43
243 43
234 43
370 42
266 42
263 42
232 42
143 42
137 42
78 42
12 42
351 41
246 41
172 41
111 41
108 41
268 40
181 40
175 40
167 40
126 40
93 40
46 40
38 40
373 39
236 39
194 39
104 39
88 39
388 38
385 38
355 38
52 38
391 37
313 37
296 37
206 37
150 37
107 37
66 37
382 35
305 35
274 35
349 34
117 34
267 33
152 33
3 33
184 32
229 31
165 31
121 31
397 30
25 30
14 30
37 28
264 27
